dist-type    f-name  k          p lm       n   n-tru  n-smpl lca-edges  lca-path-ln        Οϊνώ
Geometric            4 5.0000e-01 10    5000    5000   0.40         3052 2.152152e+03
Geometric            4 5.0000e-01 10    5000    5000   0.40         3053 2.168322e+03
Geometric            4 5.0000e-01 10    5000    5000   0.40         3082 2.184661e+03
Geometric            4 5.0000e-01 10    5000    5000   0.40         3104 2.168664e+03
Geometric            4 5.0000e-01 10    5000    5000   0.40         3086 2.166267e+03
Geometric            4 5.0000e-01 10    5000    5000   0.40         3104 2.182521e+03
Geometric            4 5.0000e-01 10    5000    5000   0.40         3092 2.192651e+03
Geometric            4 5.0000e-01 10    5000    5000   0.40         3069 2.157552e+03
Geometric            4 5.0000e-01 10    5000    5000   0.40         3083 2.155764e+03
Geometric            4 5.0000e-01 10    5000    5000   0.40         3062 2.161867e+03
Geometric            4 5.0000e-01 10    5000    5000   0.40         3068 2.165564e+03
Geometric            4 5.0000e-01 10    5000    5000   0.40         3089 2.144845e+03
Geometric            4 5.0000e-01 10    5000    5000   0.40         3061 2.158901e+03
Geometric            4 5.0000e-01 10    5000    5000   0.40         3071 2.176046e+03
Geometric            4 5.0000e-01 10    5000    5000   0.40         3094 2.161369e+03
Geometric            4 5.0000e-01 10    5000    5000   0.40         3085 2.199035e+03
Geometric            4 5.0000e-01 10    5000    5000   0.40         3072 2.175081e+03
Geometric            4 5.0000e-01 10    5000    5000   0.40         3109 2.145410e+03
Geometric            4 5.0000e-01 10    5000    5000   0.40         3056 2.178230e+03
Geometric            4 5.0000e-01 10    5000    5000   0.40         3052 2.183196e+03
Geometric            4 5.0000e-01 10    5000    5000   0.40         3057 2.140996e+03
Geometric            4 5.0000e-01 10    5000    5000   0.40         3065 2.161371e+03
Geometric            4 5.0000e-01 10    5000    5000   0.40         3055 2.155444e+03
Geometric            4 5.0000e-01 10    5000    5000   0.40         3080 2.154825e+03
Geometric            4 5.0000e-01 10    5000    5000   0.40         3095 2.182047e+03
Geometric            4 5.0000e-01 10    5000    5000   0.40         3055 2.176338e+03
Geometric            4 5.0000e-01 10    5000    5000   0.40         3079 2.159846e+03
Geometric            4 5.0000e-01 10    5000    5000   0.40         3046 2.155632e+03
Geometric            4 5.0000e-01 10    5000    5000   0.40         3079 2.143903e+03
Geometric            4 5.0000e-01 10    5000    5000   0.40         3046 2.182393e+03
Geometric            4 5.0000e-01 10    5000    5000   0.40         3038 2.161806e+03
Geometric            4 5.0000e-01 10    5000    5000   0.40         3053 2.122023e+03
Geometric            4 5.0000e-01 10    5000    5000   0.40         3086 2.171875e+03
Geometric            4 5.0000e-01 10    5000    5000   0.40         3078 2.171331e+03
Geometric            4 5.0000e-01 10    5000    5000   0.40         3090 2.223124e+03
Geometric            4 5.0000e-01 10    5000    5000   0.40         3059 2.160261e+03
Geometric            4 5.0000e-01 10    5000    5000   0.40         3086 2.165419e+03
Geometric            4 5.0000e-01 10    5000    5000   0.40         3072 2.163451e+03
Geometric            4 5.0000e-01 10    5000    5000   0.40         3082 2.145561e+03
Geometric            4 5.0000e-01 10    5000    5000   0.40         3081 2.149814e+03
Geometric            4 5.0000e-01 10    5000    5000   0.40         3055 2.156364e+03
Geometric            4 5.0000e-01 10    5000    5000   0.40         3074 2.159211e+03
Geometric            4 5.0000e-01 10    5000    5000   0.40         3103 2.164522e+03
Geometric            4 5.0000e-01 10    5000    5000   0.40         3068 2.193139e+03
Geometric            4 5.0000e-01 10    5000    5000   0.40         3066 2.171825e+03
Geometric            4 5.0000e-01 10    5000    5000   0.40         3090 2.170458e+03
Geometric            4 5.0000e-01 10    5000    5000   0.40         3044 2.125060e+03
Geometric            4 5.0000e-01 10    5000    5000   0.40         3077 2.204918e+03
Geometric            4 5.0000e-01 10    5000    5000   0.40         3064 2.179888e+03
Geometric            4 5.0000e-01 10    5000    5000   0.40         3073 2.165763e+03
Geometric            4 5.0000e-01 10    5000    5000   0.40         3086 2.157383e+03
Geometric            4 5.0000e-01 10    5000    5000   0.40         3095 2.182217e+03
Geometric            4 5.0000e-01 10    5000    5000   0.40         3122 2.200941e+03
Geometric            4 5.0000e-01 10    5000    5000   0.40         3086 2.175605e+03
Geometric            4 5.0000e-01 10    5000    5000   0.40         3078 2.148756e+03
Geometric            4 5.0000e-01 10    5000    5000   0.40         3072 2.186597e+03
Geometric            4 5.0000e-01 10    5000    5000   0.40         3077 2.136323e+03
Geometric            4 5.0000e-01 10    5000    5000   0.40         3101 2.163243e+03
Geometric            4 5.0000e-01 10    5000    5000   0.40         3080 2.140705e+03
Geometric            4 5.0000e-01 10    5000    5000   0.40         3093 2.158671e+03
Geometric            4 5.0000e-01 10    5000    5000   0.40         3088 2.166407e+03
Geometric            4 5.0000e-01 10    5000    5000   0.40         3070 2.171721e+03
Geometric            4 5.0000e-01 10    5000    5000   0.40         3085 2.163637e+03
Geometric            4 5.0000e-01 10    5000    5000   0.40         3083 2.161658e+03
Geometric            4 5.0000e-01 10    5000    5000   0.40         3102 2.187024e+03
Geometric            4 5.0000e-01 10    5000    5000   0.40         3050 2.168057e+03
Geometric            4 5.0000e-01 10    5000    5000   0.40         3093 2.194835e+03
Geometric            4 5.0000e-01 10    5000    5000   0.40         3114 2.210995e+03
Geometric            4 5.0000e-01 10    5000    5000   0.40         3068 2.149136e+03
Geometric            4 5.0000e-01 10    5000    5000   0.40         3069 2.193516e+03
Geometric            4 5.0000e-01 10    5000    5000   0.40         3047 2.149357e+03
Geometric            4 5.0000e-01 10    5000    5000   0.40         3066 2.149255e+03
Geometric            4 5.0000e-01 10    5000    5000   0.40         3080 2.192189e+03
Geometric            4 5.0000e-01 10    5000    5000   0.40         3067 2.163251e+03
Geometric            4 5.0000e-01 10    5000    5000   0.40         3085 2.161978e+03
Geometric            4 5.0000e-01 10    5000    5000   0.40         3058 2.168925e+03
Geometric            4 5.0000e-01 10    5000    5000   0.40         3095 2.181097e+03
Geometric            4 5.0000e-01 10    5000    5000   0.40         3099 2.195143e+03
Geometric            4 5.0000e-01 10    5000    5000   0.40         3074 2.189715e+03
Geometric            4 5.0000e-01 10    5000    5000   0.40         3063 2.156419e+03
Geometric            4 5.0000e-01 10    5000    5000   0.40         3031 2.151258e+03
Geometric            4 5.0000e-01 10    5000    5000   0.40         3084 2.182246e+03
Geometric            4 5.0000e-01 10    5000    5000   0.40         3052 2.144517e+03
Geometric            4 5.0000e-01 10    5000    5000   0.40         3033 2.161477e+03
Geometric            4 5.0000e-01 10    5000    5000   0.40         3061 2.141772e+03
Geometric            4 5.0000e-01 10    5000    5000   0.40         3077 2.192686e+03
Geometric            4 5.0000e-01 10    5000    5000   0.40         3060 2.190360e+03
Geometric            4 5.0000e-01 10    5000    5000   0.40         3078 2.196022e+03
Geometric            4 5.0000e-01 10    5000    5000   0.40         3052 2.193485e+03
Geometric            4 5.0000e-01 10    5000    5000   0.40         3086 2.223317e+03
Geometric            4 5.0000e-01 10    5000    5000   0.40         3065 2.189150e+03
Geometric            4 5.0000e-01 10    5000    5000   0.40         3082 2.192713e+03
Geometric            4 5.0000e-01 10    5000    5000   0.40         3046 2.128833e+03
Geometric            4 5.0000e-01 10    5000    5000   0.40         3089 2.166714e+03
Geometric            4 5.0000e-01 10    5000    5000   0.40         3061 2.131104e+03
Geometric            4 5.0000e-01 10    5000    5000   0.40         3096 2.153929e+03
Geometric            4 5.0000e-01 10    5000    5000   0.40         3090 2.187116e+03
Geometric            4 5.0000e-01 10    5000    5000   0.40         3076 2.177403e+03
Geometric            4 5.0000e-01 10    5000    5000   0.40         3040 2.170758e+03
Geometric            4 5.0000e-01 10    5000    5000   0.40         3091 2.171640e+03
